    public class Person
    {
        public string name { get; set; }
        public int age { get; set; }


    }
	
	  Person p = new Person();
            p.name = "John";
            p.age = 32;
			
			
			
			[-84, -19, 0, 5, 115, 114, 0, 23, 106, 97, 118, 97, 97, 112, 112, 108, 105, 99, 97, 116, 105, 111, 110, 55, 46, 80, 101, 114, 115, 111, 110, 79, -70, 94, 85, -31, -32, -110, 90, 2, 0, 2, 73, 0, 3, 97, 103, 101, 76, 0, 4, 110, 97, 109, 101, 116, 0, 18, 76, 106, 97, 118, 97, 47, 108, 97, 110, 103, 47, 83, 116, 114, 105, 110, 103, 59, 120, 112, 0, 0, 0, 32, 116, 0, 4, 74, 111, 104, 110]
BUIL